Calibrite
Florchecker Classica
rechtvollem Ofnenbupeler solte ich nie!
Sollten Sie lieber Baron von Ihren Beweise Ihren Freund
dem H. von Maßauberg sehen, so bitte ich Sie Ihnen zu sagen,
bei sehr an mich strumen würde, meine alte Bekanntschaft und
Ihm zu erneuern und diesen alten seeligen Tande wieder
zu erfrischen. Wie sehr würde es mir angenehm seÿn, wenn
er für Sie eine so liebend brudige Rüste gestellet hatte, als
als für mich ein erkannstner Gast werden wolte.
und erstattet ich von Herrn von
Mein Gesundheitsfaden sind meine Rückkehr von Luzern
beideum durch Druckbrennungsr gelitten. Ländliche –
Rufe und Freyheit von uns desto sehr erwünscht. Meine
alte wäre mir ja nicht zur Last, wohl aber an der neßelbe
und zu oft bezieckenden Infirantanten sich erhal¬
1, 2, 3, 4, 5, 6, 7, 8, 9, 10, 11, 12, 13, 14, 15, 16, 17, 18, 19, 11, 12, 13, 14, 15, 16, 17, 18, 19, 11, 12, 13, 14, 15, 16, 17, 18, 19, 11, 12, 13, 14, 15, 16, 17, 18, 19, 11, 12, 13, 14, 15, 16, 17, 18, 19, 11, 12, 13, 14, 15, 16, 17, 18, 19, 11, 12, 13, 14, 15, 16, 17, 18, 19, 11, 12, 13, 14, 15, 16, 17, 18, 19, 11, 12, 13, 14, 15, 16, 17, 18, 19, 11, 12, 13, 14, 15, 16, 17, 18, 19, 11, 12, 13, 14, 15, 16, 17, 18, 19, 11, 12, 13, 14, 15, 16, 17, 18, 19, 11, 12, 13, 14, 15, 16, 17, 18, 19, 11, 12, 13, 14, 15, 16, 17, 18, 19, 11, 12, 13, 14, 15, 16, 17, 18, 19, 11, 12, 13, 14, 15, 16, 17, 18, 19, 11, 12, 13, 14, 15, 16, 17, 18, 19, 11, 12, 13, 14, 15, 16, 17, 18, 19, 11, 12, 13, 14, 15, 16, 17, 18, 19, 11, 12, 13, 14, 15, 16, 17, 18, 19, 11, 12, 13, 14, 15, 16, 17, 18, 19, 11, 12, 13, 14, 15, 16, 17, 18, 19, 11, 12, 13, 14, 15, 16, 17, 18, 19, 11, 12, 13, 14, 15, 16, 17, 18, 19, 11, 12, 13, 14, 15, 16, 17, 18, 19, 11, 12, 13, 14, 15, 16, 17, 18, 19, 11, 12, 13, 14, 15, 16, 17, 18, 19, 11, 12, 13, 14, 15, 16, 17, 18, 19, 11, 12, 13, 14, 15, 16, 17, 18, 19, 11, 12, 13, 14, 15, 16, 17, 18, 19, 11, 12, 13, 14, 15, 16, 17, 18, 19, 11, 12, 13, 14, 15, 16, 17, 18, 19, 11, 12, 13, 14, 15, 16, 17, 18, 19, 11, 12, 13, 14, 15, 16, 17, 18, 19, 11, 12, 13, 14, 15, 16, 17, 18, 19, 11, 12, 13, 14, 15, 16, 17, 18, 19, 11, 12, 13, 14, 15, 16, 17, 18, 19, 11, 12, 13, 14, 15, 16, 17, 18, 19, 11, 12, 13, 14, 15, 16, 17, 18, 19, 11, 12, 13, 14, 15, 16, 17, 18, 19, 11, 12, 13, 14, 15, 16, 17, 18, 19, 11, 12, 13, 14, 15, 16, 17, 18, 19, 11, 12, 13, 14, 15, 16, 17, 18, 19, 11, 12, 13, 14, 15, 16, 17, 18, 19, 11, 12, 13, 14, 15, 16, 17, 18, 19, 11, 12, 13, 14, 15, 16, 17, 18, 19, 11, 12, 13, 14, 15, 16, 17, 18, 19, 11, 12, 13, 14, 15, 16, 17, 18, 19, 11, 12, 13, 14, 15, 16, 17, 18, 19, 11, 12, 13, 14, 15, 16, 17, 18, 19, 11, 12, 13, 14, 15, 16, 17, 18, 19, 11, 12, 13, 14, 15, 16, 17, 18, 19, 11, 12, 13, 14, 15, 16, 17, 18, 19, 11, 12, 13, 14, 15, 16, 17, 18, 19, 11, 12, 13, 14, 15, 16, 17, 18, 19, 11, 12, 13, 14, 15, 16, 17, 18, 19, 11, 12, 13, 14, 15, 16, 17, 18, 19, 11, 12, 13, 14, 15, 16, 17, 18, 19, 11, 12, 13, 14, 15, 16, 17, 18, 19, 11, 12, 13, 14, 15, 16, 17, 18, 19, 11, 12, 13, 14, 15, 16, 17, 18, 19, 11, 12, 13, 14, 15, 16, 17, 18, 19, 11, 12, 13, 14, 15, 16, 17, 18, 19, 11, 12, 13, 14, 15, 16, 17, 18, 19, 11, 12, 13, 14, 15, 16, 17, 18, 19, 11, 12, 13, 14, 15, 16, 17, 18, 19, 11, 12, 13, 14, 15, 16, 17, 18, 19, 11, 12, 13, 14, 15, 16, 17, 18, 19, 11, 12, 13, 14, 15, 16, 17, 18, 19, 11, 12, 13, 14, 15, 16, 17, 18, 19, 11, 12, 13, 14, 15, 16, 17, 18, 19, 11, 12, 13, 14, 15, 16, 17, 18, 19, 11, 12, 13, 14, 15, 16, 17, 18, 19, 11, 12, 13, 14, 15, 16, 17, 18, 19, 11, 12, 13, 14, 15, 16, 17, 8, 9, 11, 12, 13, 14, 15, 16, 17, 8, 9, 11, 12, 13, 14, 15, 16, 17, 8, 9, 11, 12, 13, 14, 15, 16, 17, 8, 9, 11, 12, 13, 14, 15, 16, 17, 8, 9, 11, 12, 13, 14, 15, 16, 17, 8, 9, 11, 12, 13, 14, 15, 16, 17, 8, 9, 11, 12, 13, 14, 15, 16, 17, 8, 9, 11, 12, 13, 14, 15, 16, 17, 8, 9, 11, 12, 13, 14, 15, 16, 17, 8, 9, 11, 12, 13, 14, 15, 16, 17, 8, 9, 11, 12, 13, 14, 15, 16, 17, 8, 9, 11, 12, 13, 14, 15, 16, 17, 8, 9, 11, 12, 13, 14, 15, 16, 17, 8, 9, 11, 12, 13, 14, 15, 16, 17, 8, 9, 11, 12, 13, 14, 15, 16, 17, 8, 9, 11, 12, 13, 14, 15, 16, 17, 8, 9, 11, 12, 13, 14, 15, 16, 17, 8, 9, 11, 12, 13, 14, 15, 16, 17, 8, 9, 11, 12, 13, 14, 15, 16, 17, 8, 9, 11, 12, 13, 14, 15, 16, 17, 8, 9, 11, 12, 13, 14, 15, 16, 17, 8, 9, 11, 12, 13, 14, 15, 16, 17, 8, 9, 11, 12, 13, 14, 15, 16, 17, 8, 9, 11, 12, 13, 14, 15, 16, 17, 8, 9, 11, 12, 13, 14, 15, 16, 17, 8, 9, 11, 12, 13, 14, 15, 16, 17, 8, 9, 11, 12, 13, 14, 15, 16, 17, 8, 9, 11, 12, 13, 14, 15, 16, 17, 8, 9, 11, 12, 13, 14, 15, 16, 17, 8, 9, 11, 12, 13, 14, 15, 16, 17, 8, 9, 11, 12, 13, 14, 15, 16, 17, 8, 9, 11, 12, 13, 14, 15, 16, 17, 8, 9, 11, 12, 13, 14, 15, 16, 17, 8, 9, 11, 12, 13, 14, 15, 16, 17, 8, 9, 11, 12, 13, 14, 15, 16, 17, 8, 9, 11, 12, 13, 14, 15, 16, 17, 8, 9, 11, 12, 13, 14, 15, 16, 17, 8, 9, 11, 12, 13, 14, 15, 16, 17, 8, 9, 11, 12, 13, 14, 15, 16, 17, 8, 9, 11, 12, 13, 14, 15, 16, 17, 8, 9, 11, 12,
Mein Frau empfiehlt sich Ihnen, und freut sich sie bald
beÿ und zu sehn. Untereltern koste die K. beÿ blos geloten
haben, hat nur leidet er los entrißen, die jüngste sol¬
sich seither versegretet, lebt aber mit Herrn Gewohl im
vaterlichem Haus anschein sich in's Stab erstel¬
in
In der Profen Hoffnung die bald beide zu setzen
nach einigen 70 versetzten Theres davon die
Versicherung meiner Hochachtung und Freundschaft.
Kartssauce bey 9 Quar
24.7.1825.
Mülmann
Mann
I
3
3
4
5
6
M
8
6
„
12
3
14
5
„
1865
8
6