calibrite
Corkorchecker Classis
1, da 3 Appenzell. Reg. behing, u. der
würde vormtth. ein Wildth noch zu
zeichner bekämt. Indeß werde ich am Fensterseite der alten angemeß¬
fu. Zachostgeb. die neue Liefug. ste Schmutt seyn, u. gern bünde
ich jede dießartige Auflage vergut.
Lange sah ich k. E. Hochwohlgeb.
Leben u. Kindern nicht vernommen.
Meine herzlichsten innisten Wünsche
für Doro Wohlvergehen! -
Am 2.) 3.) 3.) 3.) 3.) 3.) 3.) 3.) 3.) 3.) 3.) 3.) 3.) 3.) 3.) 3.) 3.) 3.) 3.) 3.) 3.) 3.) 3.) 3.) 3.) 3.) 3.) 3.) 3.) 3.) 3.) 3.) 3.) 3.) 3.) 3.) 3.) 3.) 3.) 3.) 3.) 3.) 3.) 3.) 3.) 3.) 3.) 3.) 3.) 3.) 3.) 3.) 3.) 3.) 3.) 3.) 3.) 3.) 3.) 3.) 3.) 3.) 3.) 3.) 3.) 3.) 3.) 3.) 3.) 3.) 3.) 3.) 3.) 3.) 3.) 3.) 3.) 3.) 3.) 3.) 3.) 3.) 3.) 3.) 3.) 3.) 3.) 3.) 3.) 3.) 3.) 3.) 3.) 3.) 3.) 3.) 3.) 3.) 3.) 3.) 3.) 3.) 3.) 3.) 3.) 3.) 3.) 3.) 3.) 3.) 3.) 3.) 3.) 3.) 3.) 3.) 3.) 3.) 3.) 3.) 3.) 3.) 3.) 3.) 3.) 3.) 3.) 3.) 3.) 3.) 3.) 3.) 3.) 3.) 3.) 3.) 3.) 3.) 3.) 3.) 3.) 3.) 3.) 3.) 3.) 3.) 3.) 3.) 3.) 3.) 3.) 3.) 3.) 3.) 3.) 3.) 3.) 3.) 3.) 3.) 3.) 3.) 3.) 3.) 3.) 3.) 3.) 3.) 3.) 3.) 3.) 3.) 3.) 3.) 3.) 3.) 3.) 3.) 3.) 3.) 3.) 3.) 3.) 3.) 3.) 3.) 3.) 3.) 3.) 3.) 3.) 3.) 3.) 3.) 3.) 3.) 3.) 3.) 3.) 3.) 3.) 3.) 3.) 3.) 3.) 3.) 3.) 3.) 3.) 3.) 3.) 3.) 3.) 3.) 3.) 3.) 3.) 3.) 3.) 3.) 3.) 3.) 3.) 3.) 3.) 3.) 3.) 3.) 3.) 3.) 3.) 3.) 3.) 3.) 3.) 3.) 3.) 3.) 3.) 3.) 3.) 3.) 3.) 3.) 3.) 3.) 3.) 3.) 3.) 3.) 3.) 3.) 3.) 3.) 3.) 3.) 3.) 3.) 3.) 3.) 3.) 3.) 3.) 3.) 3.) 3.) 3.) 3.) 3.) 3.) 3.) 3.) 3.) 3.) 3.) 3.) 3.) 3.) 3.) 3.) 3.) 3.) 3.) 3.) 3.) 3.) 3.) 3.) 3.) 3.) 3.) 3.) 3.) 3.) 3.) 3.) 3.) 3.) 3.) 3.) 3.) 3.) 3.) 3.) 3.) 3.) 3.) 3.) 3.) 3.) 3.) 3.) 3.) 3.) 3.) 3.) 3.) 3.) 3.) 3.) 3.) 3.) 3.) 3.) 3.) 3.) 3.) 3.) 3.) 3.) 3.) 3.) 3.) 3.) 3.) 3.) 3.) 3.) 3.) 3.) 3.) 3.) 3.) 3.) 3.) 3.) 3.) 3.) 3.) 3.) 3.) 3.) 3.) 3.) 3.) 3.) 3.) 3.) 3.) 3.) 3.) 3.) 3.) 3.) 3.) 3.) 3.) 3.) 3.) 3.) 3.) 3.) 3.) 3.) 3.) 3.) 3.) 3.) 3.) 3.) 3.) 3.) 3.) 3.) 3.) 3.) 3.) 3.) 3.) 3.) 3.) 3.) 3.) 3.) 3.) 3.) 3.) 3.) 3.) 3.) 3.) 3.) 3.) 3.) 3.) 3.) 3.) 3.) 3.) 3.) 3.) 3.) 3.) 3.) 3.) 3.) 3.) 3.) 3.) 3.) 3.) 3.) 3.) 3.) 3.) 3.) 3.) 3.) 3.) 3.) 3.) 3.) 3.) 3.) 3.) 3.) 3.) 3.) 3.) 3.) 3.) 3.) 3.) 3.) 3.) 3.) 3.) 3.) 3.) 3.) 3.) 3.) 3.) 3.) 3.) 3.) 3.) 3.) 3.) 3.) 3.) 3.) 3.) 3.) 3.) 3.) 3.) 3.) 3.) 3.) 3.) 3.) 3.) 3.) 3.) 3.) 3.) 3.) 3.) 3.) 3.) 3.) 3.) 3.) 3.) 3.) 3.) 3.) 3.) 3.) 3.) 3.) 3.) 3.) 3.) 3.) 3.) 3.) 3.) 3.) 3.) 3.) 3.) 3.) 3.) 3.) 3.) 3.) 3.) 3.) 3.) 3.) 3.) 3.) 3.) 3.) 3.) 3.) 3.) 3.) 3.) 3.) 3.) 3.) 3.) 3.) 3.) 3.) 3.) 3.) 3.) 3.) 3.) 3.) 3.) 3.) 3.) 3.) 3.) 3.) 3.) 3.) 3.) 3.) 3.) 3.) 3.) 3.) 3.) 3.) 3.) 3.) 3.) 3.) 3.) 3.) 3.) 3.) 3.) 3.) 3.) 3.) 3.) 3.) 3.) 3.) 3.) 3.) 3.) 3.) 3.) 3.) 3.) 3.) 3.) 3.) 3.) 3.) 3.) 3.) 3.) 3.) 3.) 3.) 3.) 3.) 3.) 3.) 3.) 3.) 3.) 3.) 3.) 3.) 3.) 3.) 3.) 3.) 3.) 3.) 3.) 3.) 3.) 3.) 3.) 3.) 3.) 3.) 3.) 3.) 3.) 3.) 3.) 3.) 3.) 3.) 3.) 3.) 3.) 3.) 3.) 3.) 3.) 3.) 3.) 3.) 3.) 3.) 3.) 3.) 3.) 3.) 3.) 3.) 3.) 3.) 3.) 3.) 3.) 3.) 3.) 3.) 3.) 3.) 3.) 3.) 3.) 3.) 3.) 3.) 3.) 3.) 3.) 3.) 3.) 3.) 3.) 3.) 3.) 3.) 3.) 3.) 3.) 3.) 3.) 3.) 3.) 3.) 3.) 3.) 3.) 3.) 3.) 3.) 3.) 3.) 3.) 3.) 3.) 3.) 3.) 3.) 3.) 3.) 3.) 3.) 3.) 3.) 3.) 3.) 3.) 3.) 3.) 3.) 3.) 3.) 3.) 3.) 3.) 3.) 3.) 3.) 3.) 3.) 3.) 3.) 3.) 3.) 3.) 3.) 3.) 3.) 3.) 3.) 3.) 3.) 3.) 3.) 3.) 3.) 3.) 3.) 3.) 3.) 3.) 3.) 3.) 3.) 3.) 3.) 3.) 3.) 3.) 3.) 3.) 3.) 3.) 3.) 3.) 3.) 3.) 3.) 3.) 3.) 3.) 3.) 3.) 3.) 3.) 3.) 3.) 3.) 3.) 3.) 3.) 3.) 3.) 3.) 3.) 3.) 3.) 3.) 3.) 3.) 3.) 3.) 3.) 3.) 3.) 3.) 3.) 3.) 3.) 3.) 3.) 3.) 3.) 3.) 3.) 3.) 3.) 3.) 3.) 3.) 3.) 3.) 3.) 3.) 3.) 3.) 3.) 3.) 3.) 3.) 3.) 3.) 3.) 3.) 3.) 3.) 3.) 3.) 3.) 3.) 3.) 3.) 3.) 3.) 3.) 3.) 3.) 3.) 3.) 3.) 3.) 3.) 3.) 3.) 3.) 3.) 3.) 3.) 3.) 3.) 3.) 3.) 3.) 3.) 3.) 3.) 3.) 3.) 3.) 3.) 3.) 3.) 3.) 3.) 3.) 3.) 3.) 3.) 3.) 3.) 3.) 3.) 3.) 3.) 3.) 3.) 3.) 3.) 3.) 3.) 3.) 3.) 3.) 3.) 3.) 3.) 3.) 3.) 3.) 3.) 3.) 3.) 3.) 3.) 3.) 3.) 3.) 3.) 3.) 3.) 3.) 3.) 3.) 3.) 3.) 3.) 3.) 3.) 3.) 3.) 3.) 3.) 3.) 3.) 3.) 3.) 3.) 3.) 3.) 3.) 3.) 3.) 3.) 3.) 3.) 3.) 3.) 3.) 3.) 3.) 3.) 3.) 3.) 3.) 3.) 3.) 3.) 3.) 3.) 3.) 3.) 3.) 3.) 3.) 3.) 3.) 3.) 3.) 3.) 3.) 3.) 3.) 3.) 3.) 3.) 3.) 3.) 3.) 3.) 3.) 3.) 3.) 3.) 3.) 3.) 3.) 3.) 3.) 3.) 3.) 3.) 3.) 3.) 3.) 3.) 3.) 3.) 3.) 3.) 3.) 3.) 3.) 3.) 3.) 3.) 3.) 3.) 3.) 3.) 3.) 3.) 3.) 3.) 3.) 3.) 3.) 3.) 3.) 3.) 3.) 3.) 3.) 3.) 3.) 3.) 3.) 3.) 3.) 3.) 3.) 3.) 3.) 3.) 3.) 3.) 3.) 3.) 3.) 3.) 3.) 3.) 3.) 3.) 3.) 3.) 3.) 3.) 3.) 3.) 3.) 3.) 3.) 3.) 3.) 3.) 3.) 3.) 3.) 3.) 3.) 3.) 3.) 3.) 3.) 3.) 3.) 3.) 3.) 3.) 3.) 3.) 3.) 3.) 3.) 3.) 3.) 3.) 3.) 3.) 3.) 3.) 3.) 3.) 3.) 3.) 3.) 3.) 3.) 3.) 3.) 3.) 3.) 3.) 3.) 3.) 3.) 3.) 3.) 3.) 3.) 3.) 3.) 3.) 3.) 3.) 3.) 3.) 3.) 3.) 3.) 3.) 3.) 3.) 3.) 3.) 3.) 3.) 3.) 3.) 3.) 3.) 3.) 3.) 3.) 3.) 3.) 3.) 3.) 3.) 3.) 3.) 3.) 3.) 3.) 3.) 3.) 3.) 3.) 3.) 3.) 3.) 3.) 3.) 3.) 3.) 3.) 3.) 3.) 3.) 3.) 3.) 3.) 3.) 3.) 3.) 3.) 3.) 3.) 3.) 3.) 3.) 3.) 3.) 3.) 3.) 3.) 3.) 3.) 3.) 3.) 3.) 3.) 3.) 3.) 3.) 3.) 3.) 3.) 3.) 3.) 3.) 3.) 3.) 3.) 3.) 3.) 3.) 3.) 3.) 3.) 3.) 3.) 3.) 3.) 3.) 3.) 3.) 3.) 3.) 3.) 3.) 3.) 3.) 3.) 3.) 3.) 3.) 3.) 3.) 3.) 3.) 3.) 3.) 3.) 3.) 3.) 3.) 3.) 3.) 3.) 3.) 3.) 3.) 3.) 3.) 3.) 3.) 3.) 3.) 3.) 3.) 3.) 3.) 3.) 3.) 3.) 3.) 3.) 3.) 3.) 3.) 3.) 3.) 3.) 3.) 3.) 3.) 3.) 3.) 3.) 3.) 3.) 3.) 3.) 3.) 3.) 3.) 3.) 3.) 3.) 3.) 3.) 3.) 3.) 3.) 3.) 3.) 3.) 3.) 3.) 3.) 3.) 3.) 3.) 3.) 3.) 3.) 3.) 3.) 3.) 3.) 3.) 3.) 3.) 3.) 3.) 3.) 3.) 3.) 3.) 3.) 3.) 3.) 3.) 3.) 3.) 3.) 3.) 3.) 3.) 3.) 3.) 3.) 3.) 3.) 3.) 3.) 3.) 3.) 3.) 3.) 3.) 3.) 3.) 3.) 3.) 3.) 3.) 3.) 3.) 3.) 3.) 3.) 3.) 3.) 3.) 3.) 3.) 3.) 3.) 3.) 3.) 3.) 3.) 3.) 3.) 3.) 3.) 3.) 3.) 3.) 3.) 3.) 3.) 3.) 3.) 3.) 3.) 3.) 3.) 3.) 3.) 3.) 3.) 3.) 3.) 3.) 3.) 3.) 3.) 3.) 3.) 3.) 3.) 3.) 3.) 3.) 3.) 3.) 3.) 3.) 3.) 3.) 3.) 3.) 3.) 3.) 3.) 3.) 3.) 3.) 3.) 3.) 3.) 3.) 3.) 3.) 3.) 3.) 3.) 3.) 3.) 3.) 3.) 3.) 3.) 3.) 3.) 3.) 3.) 3.) 3.) 3.) 3.) 3.) 3.) 3.) 3.) 3.) 3.) 3.)
allmählig gedruckt, u. er soll noch in
diesem Jahre fertig wird.
E. Hochwohlgeb. gehors. ergeben.
Dr. Wyß, Prof.
Zulett eingehen müßen, wenn der Ver-
legen nicht unerwartet ein geschickt
Zukonnt lassen, sobald sie fertig ist.
Für die Zeichnung aus dem Appen¬
Zelterbringe möchte ich jetzt mich Dein,
gend empfahl, u. zugleich um den Er¬
läubniß bitten, dieselbe allenfalls
ohne für unsre Abgesez benütz zu
dürf. Wir setz auch für 5 Jahre
gung 1827 schon eine Reise mit Rom̅en,
Im Gast. Schrobs in Bereitschaft, wel¬
Mittwoch
A
2
3
4
5
6
8.
6
12
3
4
5
„
G
8
1.