30.		30.		30.	30.	30.	30.	30.	30.	30.	30.	30.	30.	30.	30.	30.	30.	30.	30.	30.	30.	30.	30.	30.	30.	30.	30.	30.	30.	30.	30.	30.	30.	30.	30.	30.	30.	30.	30.	30.	30.	30.	30.	30.	30.	30.	30.	30.	30.	30.	30.	30.	30.	30.	30.	30.	30.	30.	30.	30.	30.	30.	30.	30.	30.	30.	30.	30.	30.	30.	30.	30.	30.	30.	30.	30.	30.	30.	30.	30.	30.	30.	30.	30.	30.	30.	30.	30.	30.	30.	30.	30.	30.	30.	30.	30.	30.	30.	30.	30.	30.	30.	30.	30.	30.	30.	30.	30.	30.	30.	30.	30.	30.	30.	30.	30.	30.	30.	30.	30.	30.	30.	30.	30.	30.	30.	30.	30.	30.	30.	30.	30.	30.	30.	30.	30.	30.	30.	30.	30.	30.	30.	30.	30.	30.	30.	30.	30.	30.	30.	30.	30.	30.	30.	30.	30.	30.	30.	30.	30.	30.	30.	30.	30.	30.	30.	30.	30.	30.	30.	30.	30.	30.	30.	30.	30.	30.	30.	30.	30.	30.	30.	30.	30.	30.	30.	30.	30.	30.	30.	30.	30.	30.	30.	30.	30.	30.	30.	30.	30.	30.	30.	30.	30.	30.	30.	30.	30.	30.	30.	30.	30.	30.	30.	30.	30.	30.	30.	30.	30.	30.	30.	30.	30.	30.	30.	30.	30.	30.	30.	30.	30.	30.	30.	30.	30.	30.	30.	30.	30.	30.	30.	30.	30.	30.	30.	30.	30.	30.	30.	30.	30.	30.	30.	30.	30.	30.	30.	30.	30.	30.	30.	30.	30.	30.	30.	30.	30.	30.	30.	30.	30.	30.	30.	30.	30.	30.	30.	30.	30.	30.	30.	30.	30.	30.	30.	30.	30.	30.	30.	30.	30.	30.	30.	30.	30.	30.	30.	30.	30.	30.	30.	30.	30.	30.	30.	30.	30.	30.	30.	30.	30.	30.	30.	30.	30.	30.	30.	30.	30.	30.	30.	30.	30.	30.	30.	30.	30.	30.	30.	30.	30.	30.	30.	30.	30.	30.	30.	30.	30.	30.	30.	30.	30.	30.	30.	30.	30.	30.	30.	30.	30.	30.	30.	30.	30.	30.	30.	30.	30.	30.	30.	30.	30.	30.	30.	30.	30.	30.	30.	30.	30.	30.	30.	30.	30.	30.	30.	30.	30.	30.	30.	30.	30.	30.	30.	30.	30.	30.	30.	30.	30.	30.	30.	30.	30.	30.	30.	30.	30.	30.	30.	30.	30.	30.	30.	30.	30.	30.	30.	30.	30.	30.	30.	30.	30.	30.	30.	30.	30.	30.	30.	30.	30.	30.	30.	30.	30.	30.	30.	30.	30.	30.	30.	30.	30.	30.	30.	30.	30.	30.	30.	30.	30.	30.	30.	30.	30.	30.	30.	30.	30.	30.	30.	30.	30.	30.	30.	30.	30.	30.	30.	30.	30.	30.	30.	30.	30.	30.	30.	30.	30.	30.	30.	30.	30.	30.	30.	30.	30.	30.	30.	30.	30.	30.	30.	30.	30.	30.	30.	30.	30.	30.	30.	30.	30.	30.	30.	30.	30.	30.	30.	30.	30.	30.	30.	30.	30.	30.	30.	30.	30.	30.	30.	30.	30.	30.	30.	30.	30.	30.	30.	30.	30.	30.	30.	30.	30.	30.	30.	30.	30.	30.	30.	30.	30.	30.	30.	30.	30.	30.	30.	30.	30.	30.	30.	30.	30.	30.	30.	30.	30.	30.	30.	30.	30.	30.	30.	30.	30.	30.	30.	30.	30.	30.	30.	30.	30.	30.	30.	30.	30.	30.	30.	30.	30.	30.	30.	30.	30.	30.	30.	30.	30.	30.	30.	30.	30.	30.	30.	30.	30.	30.	30.	30.	30.	30.	30.	30.	30.	30.	30.	30.	30.	30.	30.	30.	30.	30.	30.	30.	30.	30.	30.	30.	30.	30.	30.	30.	30.	30.	30.	30.	30.	30.	30.	30.	30.	30.	30.	30.	30.	30.	30.	30.	30.	30.	30.	30.	30.	30.	30.	30.	30.	30.	30.	30.	30.	30.	30.	30.	30.	30.	30.	30.	30.	30.	30.	30.	30.	30.	30.	30.	30.	30.	30.	30.	30.	30.	30.	30.	30.	30.	30.	30.	30.	30.	30.	30.	30.	30.	30.	30.	30.	30.	30.	30.	30.	30.	30.	30.	30.	30.	30.	30.	30.	30.	30.	30.	30.	30.	30.	30.	30.	30.	30.	30.	30.	30.	30.	30.	30.	30.	30.	30.	30.	30.	30.	30.	30.	30.	30.	30.	30.	30.	30.	30.	30.	30.	30.	30.	30.	30.	30.	30.	30.	30.	30.	30.	30.	30.	30.	30.	30.	30.	30.	30.	30.	30.	30.	30.	30.	30.	30.	30.	30.	30.	30.	30.	30.	30.	30.	30.	30.	30.	30.	30.	30.	30.	30.	30.	30.	30.	30.	30.	30.	30.	30.	30.	30.	30.	30.	30.	30.	30.	30.	30.	30.	30.	30.	30.	30.	30.	30.	30.	30.	30.	30.	30.	30.	30.	30.	30.	30.	30.	30.	30.	30.	30.	30.	30.	30.	30.	30.	30.	30.	30.	30.	30.	30.	30.	30.	30.	30.	30.	30.	30.	30.	30.	30.	30.	30.	30.	30.	30.	30.	30.	30.	30.	30.	30.	30.	30.	30.	30.	30.	30.	30.	30.	30.	30.	30.	30.	30.	30.	30.	30.	30.	30.	30.	30.	30.	30.	30.	30.	30.	30.	30.	30.	30.	30.	30.	30.	30.	30.	30.	30.	30.	30.	30.	30.	30.	30.	30.	30.	30.	30.	30.	30.	30.	30.	30.	30.	30.	30.	30.	30.	30.	30.	30.	30.	30.	30.	30.	30.	30.	30.	30.	30.	30.	30.	30.	30.	30.	30.	30.	30.	30.	30.	30.	30.	30.	30.	30.	30.	30.	30.	30.	30.	30.	30.	30.	30.	30.	30.	30.	30.	30.	30.	30.	30.	30.	30.	30.	30.	30.	30.	30.	30.	30.	30.	30.	30.	30.	30.	30.	30.	30.	30.	30.	30.	30.	30.	30.	30.	30.	30.	30.	30.	30.	30.	30.	30.	30.	30.	30.	30.	30.	30.	30.	30.	30.	30.	30.	30.	30.	30.	30.	30.	30.	30.	30.	30.	30.	30.	30.	30.	30.	30.	30.	30.	30.	30.	30.	30.	30.	30.	30.	30.	30.	30.	30.	30.	30.	30.	30.	30.	30.	30.	30.	30.	30.	30.	30.	30
Epoïsthauchen bei Constanz am 7. Hornung 1839.
Lüer Wolgehoren
Vereitliches Schreiben vom 28. Herbst und das einzige vom 31. eintend, worin ich Ihnen die beiden Briefe
des großen Eiläth beiflohn, haben sich gewurzt; und da ich mich schon bereits seit Anfang des
Januars bis befinde; so wurde mir Deroschreiben nachgesendet. Möglich und der ganzen Tag
uns später und wußten meines hier noch übrig gebliebenen Haussatz beschäftigt und wegen
geschwächteten Augen, ausser Stande die Licht zu schreiben; war es mir nicht möglich früher zu antworten.
Die Frage: ob ich nicht über die sprachliche Verhältnisse der activen Lastberichten
und des Zönderer Sagament Zandschrift, einiges zwar einrücken in die Einleitung, bearbeiten möchte?
beantwortet ich so: der erstymaranté codex ist 1387 zu Freiburg im Kräftgau geschrieben, und der
zweites mal kaum 10–15 lire hernach zu Zürich, beide tragen zwar in der orthographie die direkte
wichtigster Rinnzählen) Herrregionalismus war keineswegs an sich; aber leider läuter wurdensten waren in was gut,
so nahe mit einander so nahe verwandt, daß ich mir nicht getreut, wesentliches gesundenheiten in
beiden membranären aufzufinden, wenigstens keine solche, welches für die Kritiken beides lesen seien,
erhebliche sein könnten; ich halte also eine Conferenz in dieser Hinsicht für ganz überflüssig; weil
unheimlich.
Schon seit dem December v. J. bin ich in Erwartung der unerwartlichen Belege,